The results of the method(Table:'sqlite',KG:'neo4j') are
  q_nums:100
  em:0.56
  f1:0.66906771006771
  acc:0.71
  hallucination:0.30919047619047624
