The results of the method(Table:'dataframe',KG:'neo4j') are
  q_nums:100
  em:0.51
  f1:0.7259151927261054
  acc:0.86
  hallucination:0.17916666666666667
